
paper:0
ticket:0
plastic:0
candy:1679141216.264141
blueclay:1679211103.722993
redclay:1679211060.2775831
tacky:0
pesticide:0
heattreated:0
hydroponic:0
petal:0
plenty:0
festive:0