
stump_snail:0
ladybug_strawberry:1677983867.533695
ladybug_mushroom:1677982473.572287
ladybug_clover:1677982780.0317252
mantis_pineapple:1677983528.4834292
mantis_pinetree:1679311658.788914
scorpion_rose:1677981386.206818
werewolf:1679308792.4264698
spider_spider:1679310876.92721
rhinobeetle_blueflower:1677983474.5878289
rhinobeetle_bamboo:1677198128.762275
rhinobeetle_pineapple:1677983528.485158
rhinobeetle_clover:1677982780.032712
wealthclock:1679309555.965865
blueberrydispenser:1677917944.7230668
strawberrydispenser:1677919519.9847522
royaljellydispenser:1677918089.284729
treatdispenser:1677918134.6855612
gluedispenser:1679108137.591465
stockings:1678504402.725334
feast:1677918298.008616
samovar:1679290470.4260962
wreath:1677918238.905411
snow_machine:1677919631.2310138
mondo_buff:465940.0
lid_art:1677918644.0782468
candles:0
rejoin_every:1679311557.291533
night:1679311782.970096