
stump_snail:0
ladybug_strawberry:1673306600.0738502
ladybug_mushroom:1673306347.812347
ladybug_clover:1673306267.802539
mantis_pineapple:1673270526.38423
mantis_pinetree:1673270419.5183349
scorpion_rose:1673270623.388065
werewolf:1673270419.517083
spider_spider:0
rhinobeetle_blueflower:1673306430.0578759
rhinobeetle_bamboo:1673306513.30461
rhinobeetle_pineapple:1673270526.386467
rhinobeetle_clover:1673306267.803406