
paper:0
ticket:0
plastic:0
candy:0
blueclay:1711636084.497778
redclay:0
tacky:1711636142.6491148
pesticide:0
heattreated:0
hydroponic:0
petal:0
plenty:0
festive:0