
paper:0
ticket:0
plastic:0
candy:0
blueclay:0
redclay:1711701035.651243
tacky:1711701114.8613179
pesticide:0
heattreated:0
hydroponic:0
petal:0
plenty:0
festive:0