
paper:0
ticket:0
plastic:0
candy:1712909770.531169
blueclay:1712909711.651777
redclay:0
tacky:0
pesticide:0
heattreated:0
hydroponic:0
petal:0
plenty:0
festive:0