
paper:0
ticket:0
plastic:0
candy:1710912236.860724
blueclay:1710912121.73331
redclay:1710912170.367032
tacky:1710909661.31083
pesticide:0
heattreated:0
hydroponic:0
petal:0
plenty:0
festive:0