
paper:0
ticket:0
plastic:0
candy:1710912236.860724
blueclay:1711107152.649806
redclay:1711107725.6932638
tacky:1711107775.989217
pesticide:1711107659.966652
heattreated:0
hydroponic:0
petal:0
plenty:0
festive:0